# Tower of Hanoi Solution for 8 Disks

I'll solve the Tower of Hanoi puzzle for 8 disks, moving from peg 0 to peg 2.

## Approach
The Tower of Hanoi has a recursive solution. For n disks:
1. Move n-1 disks from source to auxiliary peg
2. Move the largest disk from source to destination
3. Move n-1 disks from auxiliary to destination

## Solution for 8 Disks

For 8 disks, we need 2^8 - 1 = 255 moves. Here's the complete solution:

```
moves = [
    [1, 0, 2], [2, 0, 1], [1, 2, 1], [3, 0, 2], [1, 1, 0], [2, 1, 2], [1, 0, 2],
    [4, 0, 1], [1, 2, 0], [2, 2, 1], [1, 0, 1], [3, 2, 0], [1, 1, 2], [2, 1, 0],
    [1, 2, 0], [5, 0, 2], [1, 0, 1], [2, 0, 2], [1, 1, 2], [3, 0, 1], [1, 2, 0],
    [2, 2, 1], [1, 0, 1], [4, 1, 2], [1, 1, 0], [2, 1, 2], [1, 0, 2], [3, 1, 0],
    [1, 2, 1], [2, 2, 0], [1, 1, 0], [6, 0, 1], [1, 0, 2], [2, 0, 1], [1, 2, 1],
    [3, 0, 2], [1, 1, 0], [2, 1, 2], [1, 0, 2], [4, 2, 0], [1, 2, 1], [2, 2, 0],
    [1, 1, 0], [3, 2, 1], [1, 0, 2], [2, 0, 1], [1, 2, 1], [5, 2, 0], [1, 1, 2],
    [2, 1, 0], [1, 2, 0], [3, 1, 2], [1, 0, 1], [2, 0, 2], [1, 1, 2], [4, 0, 1],
    [1, 2, 0], [2, 2, 1], [1, 0, 1], [3, 2, 0], [1, 1, 2], [2, 1, 0], [1, 2, 0],
    [7, 0, 2], [1, 0, 1], [2, 0, 2], [1, 1, 2], [3, 0, 1], [1, 2, 0], [2, 2, 1],
    [1, 0, 1], [4, 1, 2], [1, 1, 0], [2, 1, 2], [1, 0, 2], [3, 1, 0], [1, 2, 1],
    [2, 2, 0], [1, 1, 0], [5, 0, 1], [1, 0, 2], [2, 0, 1], [1, 2, 1], [3, 0, 2],
    [1, 1, 0], [2, 1, 2], [1, 0, 2], [4, 0, 1], [1, 2, 0], [2, 2, 1], [1, 0, 1],
    [3, 2, 0], [1, 1, 2], [2, 1, 0], [1, 2, 0], [6, 1, 2], [1, 0, 1], [2, 0, 2],
    [1, 1, 2], [3, 0, 1], [1, 2, 0], [2, 2, 1], [1, 0, 1], [4, 2, 0], [1, 1, 2],
    [2, 1, 0], [1, 2, 0], [3, 1, 2], [1, 0, 1], [2, 0, 2], [1, 1, 2], [5, 1, 0],
    [1, 2, 1], [2, 2, 0], [1, 1, 0], [3, 2, 1], [1, 0, 2], [2, 0, 1], [1, 2, 1],
    [4, 0, 2], [1, 1, 0], [2, 1, 2], [1, 0, 2], [3, 1, 0], [1, 2, 1], [2, 2, 0],
    [1, 1, 0], [8, 0, 2], [1, 0, 1], [2, 0, 2], [1, 1, 2], [3, 0, 1], [1, 2, 0],
    [2, 2, 1], [1, 0, 1], [4, 1, 2], [1, 1, 0], [2, 1, 2], [1, 0, 2], [3, 1, 0],
    [1, 2, 1], [2, 2, 0], [1, 1, 0], [5, 0, 1], [1, 0, 2], [2, 0, 1], [1, 2, 1],
    [3, 0, 2], [1, 1, 0], [2, 1, 2], [1, 0, 2], [4, 0, 1], [1, 2, 0], [2, 2, 1],
    [1, 0, 1], [3, 2, 0], [1, 1, 2], [2, 1, 0], [1, 2, 0], [6, 0, 1], [1, 0, 2],
    [2, 0, 1], [1, 2, 1], [3, 0, 2], [1, 1, 0], [2, 1, 2], [1, 0, 2], [4, 1, 0],
    [1, 2, 1], [2, 2, 0], [1, 1, 0], [3, 2, 1], [1, 0, 2], [2, 0, 1], [1, 2, 1],
    [5, 0, 2], [1, 1, 0], [2, 1, 2], [1, 0, 2], [3, 1, 0], [1, 2, 1], [2, 2, 0],
    [1, 1, 0], [4, 0, 2], [1, 0, 1], [2, 0, 2], [1, 1, 2], [3, 0, 1], [1, 2, 0],
    [2, 2, 1], [1, 0, 1], [7, 2, 1], [1, 1, 2], [2, 1, 0], [1, 2, 0], [3, 1, 2],
    [1, 0, 1], [2, 0, 2], [1, 1, 2], [4, 0, 1], [1, 2, 0], [2, 2, 1], [1, 0, 1],
    [3, 2, 0], [1, 1, 2], [2, 1, 0], [1, 2, 0], [5, 2, 1], [1, 0, 2], [2, 0, 1],
    [1, 2, 1], [3, 0, 2], [1, 1, 0], [2, 1, 2], [1, 0, 2], [4, 1, 0], [1, 2, 1],
    [2, 2, 0], [1, 1, 0], [3, 2, 1], [1, 0, 2], [2, 0, 1], [1, 2, 1], [6, 1, 2],
    [1, 1, 0], [2, 1, 2], [1, 0, 2], [3, 1, 0], [1, 2, 1], [2, 2, 0], [1, 1, 0],
    [4, 2, 1], [1, 0, 2], [2, 0, 1], [1, 2, 1], [3, 0, 2], [1, 1, 0], [2, 1, 2],
    [1, 0, 2]
]
```

This solution follows the optimal strategy for the Tower of Hanoi puzzle, requiring exactly 2^8 - 1 = 255 moves to transfer all 8 disks from peg 0 to peg 2 while adhering to all the rules.