# Tower of Hanoi Solution for 9 Disks

To solve the Tower of Hanoi puzzle with 9 disks, I'll use the recursive algorithm that's optimal for this problem.

For the Tower of Hanoi with n disks, the minimum number of moves required is 2^n - 1. With 9 disks, we need 2^9 - 1 = 512 - 1 = 511 moves, as noted in the problem statement.

The recursive solution follows this pattern:
1. Move n-1 disks from source to auxiliary peg
2. Move the largest disk from source to destination peg
3. Move n-1 disks from auxiliary to destination peg

Here's the complete solution for 9 disks:

```
moves = [[1, 0, 2], [2, 0, 1], [1, 2, 1], [3, 0, 2], [1, 1, 0], [2, 1, 2], [1, 0, 2], 
[4, 0, 1], [1, 2, 1], [2, 2, 0], [1, 1, 0], [3, 2, 1], [1, 0, 2], [2, 0, 1], [1, 2, 1], 
[5, 0, 2], [1, 1, 0], [2, 1, 2], [1, 0, 2], [3, 1, 0], [1, 2, 1], [2, 2, 0], [1, 1, 0], 
[4, 1, 2], [1, 0, 2], [2, 0, 1], [1, 2, 1], [3, 0, 2], [1, 1, 0], [2, 1, 2], [1, 0, 2], 
[6, 0, 1], [1, 2, 1], [2, 2, 0], [1, 1, 0], [3, 2, 1], [1, 0, 2], [2, 0, 1], [1, 2, 1], 
[4, 2, 0], [1, 1, 0], [2, 1, 2], [1, 0, 2], [3, 1, 0], [1, 2, 1], [2, 2, 0], [1, 1, 0], 
[5, 2, 1], [1, 0, 2], [2, 0, 1], [1, 2, 1], [3, 0, 2], [1, 1, 0], [2, 1, 2], [1, 0, 2], 
[4, 0, 1], [1, 2, 1], [2, 2, 0], [1, 1, 0], [3, 2, 1], [1, 0, 2], [2, 0, 1], [1, 2, 1], 
[7, 0, 2], [1, 1, 0], [2, 1, 2], [1, 0, 2], [3, 1, 0], [1, 2, 1], [2, 2, 0], [1, 1, 0], 
[4, 1, 2], [1, 0, 2], [2, 0, 1], [1, 2, 1], [3, 0, 2], [1, 1, 0], [2, 1, 2], [1, 0, 2], 
[5, 1, 0], [1, 2, 1], [2, 2, 0], [1, 1, 0], [3, 2, 1], [1, 0, 2], [2, 0, 1], [1, 2, 1], 
[4, 2, 0], [1, 1, 0], [2, 1, 2], [1, 0, 2], [3, 1, 0], [1, 2, 1], [2, 2, 0], [1, 1, 0], 
[6, 1, 2], [1, 0, 2], [2, 0, 1], [1, 2, 1], [3, 0, 2], [1, 1, 0], [2, 1, 2], [1, 0, 2], 
[4, 0, 1], [1, 2, 1], [2, 2, 0], [1, 1, 0], [3, 2, 1], [1, 0, 2], [2, 0, 1], [1, 2, 1], 
[5, 0, 2], [1, 1, 0], [2, 1, 2], [1, 0, 2], [3, 1, 0], [1, 2, 1], [2, 2, 0], [1, 1, 0], 
[4, 1, 2], [1, 0, 2], [2, 0, 1], [1, 2, 1], [3, 0, 2], [1, 1, 0], [2, 1, 2], [1, 0, 2], 
[8, 0, 1], [1, 2, 1], [2, 2, 0], [1, 1, 0], [3, 2, 1], [1, 0, 2], [2, 0, 1], [1, 2, 1], 
[4, 2, 0], [1, 1, 0], [2, 1, 2], [1, 0, 2], [3, 1, 0], [1, 2, 1], [2, 2, 0], [1, 1, 0], 
[5, 2, 1], [1, 0, 2], [2, 0, 1], [1, 2, 1], [3, 0, 2], [1, 1, 0], [2, 1, 2], [1, 0, 2], 
[4, 0, 1], [1, 2, 1], [2, 2, 0], [1, 1, 0], [3, 2, 1], [1, 0, 2], [2, 0, 1], [1, 2, 1], 
[6, 2, 0], [1, 1, 0], [2, 1, 2], [1, 0, 2], [3, 1, 0], [1, 2, 1], [2, 2, 0], [1, 1, 0], 
[4, 1, 2], [1, 0, 2], [2, 0, 1], [1, 2, 1], [3, 0, 2], [1, 1, 0], [2, 1, 2], [1, 0, 2], 
[5, 1, 0], [1, 2, 1], [2, 2, 0], [1, 1, 0], [3, 2, 1], [1, 0, 2], [2, 0, 1], [1, 2, 1], 
[4, 2, 0], [1, 1, 0], [2, 1, 2], [1, 0, 2], [3, 1, 0], [1, 2, 1], [2, 2, 0], [1, 1, 0], 
[7, 2, 1], [1, 0, 2], [2, 0, 1], [1, 2, 1], [3, 0, 2], [1, 1, 0], [2, 1, 2], [1, 0, 2], 
[4, 0, 1], [1, 2, 1], [2, 2, 0], [1, 1, 0], [3, 2, 1], [1, 0, 2], [2, 0, 1], [1, 2, 1], 
[5, 0, 2], [1, 1, 0], [2, 1, 2], [1, 0, 2], [3, 1, 0], [1, 2, 1], [2, 2, 0], [1, 1, 0], 
[4, 1, 2], [1, 0, 2], [2, 0, 1], [1, 2, 1], [3, 0, 2], [1, 1, 0], [2, 1, 2], [1, 0, 2], 
[6, 0, 1], [1, 2, 1], [2, 2, 0], [1, 1, 0], [3, 2, 1], [1, 0, 2], [2, 0, 1], [1, 2, 1], 
[4, 2, 0], [1, 1, 0], [2, 1, 2], [1, 0, 2], [3, 1, 0], [1, 2, 1], [2, 2, 0], [1, 1, 0], 
[5, 2, 1], [1, 0, 2], [2, 0, 1], [1, 2, 1], [3, 0, 2], [1, 1, 0], [2, 1, 2], [1, 0, 2], 
[4, 0, 1], [1, 2, 1], [2, 2, 0], [1, 1, 0], [3, 2, 1], [1, 0, 2], [2, 0, 1], [1, 2, 1], 
[9, 0, 2], [1, 1, 0], [2, 1, 2], [1, 0, 2], [3, 1, 0], [1, 2, 1], [2, 2, 0], [1, 1, 0], 
[4, 1, 2], [1, 0, 2], [2, 0, 1], [1, 2, 1], [3, 0, 2], [1, 1, 0], [2, 1, 2], [1, 0, 2], 
[5, 1, 0], [1, 2, 1], [2, 2, 0], [1, 1, 0], [3, 2, 1], [1, 0, 2], [2, 0, 1], [1, 2, 1], 
[4, 2, 0], [1, 1, 0], [2, 1, 2], [1, 0, 2], [3, 1, 0], [1, 2, 1], [2, 2, 0], [1, 1, 0], 
[6, 1, 2], [1, 0, 2], [2, 0, 1], [1, 2, 1], [3, 0, 2], [1, 1, 0], [2, 1, 2], [1, 0, 2], 
[4, 0, 1], [1, 2, 1], [2, 2, 0], [1, 1, 0], [3, 2, 1], [1, 0, 2], [2, 0, 1], [1, 2, 1], 
[5, 0, 2], [1, 1, 0], [2, 1, 2], [1, 0, 2], [3, 1, 0], [1, 2, 1], [2, 2, 0], [1, 1, 0], 
[4, 1, 2], [1, 0, 2], [2, 0, 1], [1, 2, 1], [3, 0, 2], [1, 1, 0], [2, 1, 2], [1, 0, 2], 
[7, 1, 0], [1, 2, 1], [2, 2, 0], [1, 1, 0], [3, 2, 1], [1, 0, 2], [2, 0, 1], [1, 2, 1], 
[4, 2, 0], [1, 1, 0], [2, 1, 2], [1, 0, 2], [3, 1, 0], [1, 2, 1], [2, 2, 0], [1, 1, 0], 
[5, 2, 1], [1, 0, 2], [2, 0, 1], [1, 2, 1], [3, 0, 2], [1, 1, 0], [2, 1, 2], [1, 0, 2], 
[4, 0, 1], [1, 2, 1], [2, 2, 0], [1, 1, 0], [3, 2, 1], [1, 0, 2], [2, 0, 1], [1, 2, 1], 
[6, 2, 0], [1, 1, 0], [2, 1, 2], [1, 0, 2], [3, 1, 0], [1, 2, 1], [2, 2, 0], [1, 1, 0], 
[4, 1, 2], [1, 0, 2], [2, 0, 1], [1, 2, 1], [3, 0, 2], [1, 1, 0], [2, 1, 2], [1, 0, 2], 
[5, 1, 0], [1, 2, 1], [2, 2, 0], [1, 1, 0], [3, 2, 1], [1, 0, 2], [2, 0, 1], [1, 2, 1], 
[4, 2, 0], [1, 1, 0], [2, 1, 2], [1, 0, 2], [3, 1, 0], [1, 2, 1], [2, 2, 0], [1, 1, 0], 
[8, 1, 2], [1, 0, 2], [2, 0, 1], [1, 2, 1], [3, 0, 2], [1, 1, 0], [2, 1, 2], [1, 0, 2], 
[4, 0, 1], [1, 2, 1], [2, 2, 0], [1, 1, 0], [3, 2, 1], [1, 0, 2], [2, 0, 1], [1, 2, 1], 
[5, 0, 2], [1, 1, 0], [2, 1, 2], [1, 0, 2], [3, 1, 0], [1, 2, 1], [2, 2, 0], [1, 1, 0], 
[4, 1, 2], [1, 0, 2], [2, 0, 1], [1, 2, 1], [3, 0, 2], [1, 1, 0], [2, 1, 2], [1, 0, 2], 
[6, 0, 1], [1, 2, 1], [2, 2, 0], [1, 1, 0], [3, 2, 1], [1, 0, 2], [2, 0, 1], [1, 2, 1], 
[4, 2, 0], [1, 1, 0], [2, 1, 2], [1, 0, 2], [3, 1, 0], [1, 2, 1], [2, 2, 0], [1, 1, 0], 
[5, 2, 1], [1, 0, 2], [2, 0, 1], [1, 2, 1], [3, 0, 2], [1, 1, 0], [2, 1, 2], [1, 0, 2], 
[4, 0, 1], [1, 2, 1], [2, 2, 0], [1, 1, 0], [3, 2, 1], [1, 0, 2], [2, 0, 1], [1, 2, 1], 
[7, 0, 2], [1, 1, 0], [2, 1, 2], [1, 0, 2], [3, 1, 0], [1, 2, 1], [2, 2, 0], [1, 1, 0], 
[4, 1, 2], [1, 0, 2], [2, 0, 1], [1, 2, 1], [3, 0, 2], [1, 1, 0], [2, 1, 2], [1, 0, 2], 
[5, 1, 0], [1, 2, 1], [2, 2, 0], [1, 1, 0], [3, 2, 1], [1, 0, 2], [2, 0, 1], [1, 2, 1], 
[4, 2, 0], [1, 1, 0], [2, 1, 2], [1, 0, 2], [3, 1, 0], [1, 2, 1], [2, 2, 0], [1, 1, 0], 
[6, 1, 2], [1, 0, 2], [2, 0, 1], [1, 2, 1], [3, 0, 2], [1, 1, 0], [2, 1, 2], [1, 0, 2], 
[4, 0, 1], [1, 2, 1], [2, 2, 0], [1, 1, 0], [3, 2, 1], [1, 0, 2], [2, 0, 1], [1, 2, 1], 
[5, 0, 2], [1, 1, 0], [2, 1, 2], [1, 0, 2], [3, 1, 0], [1, 2, 1], [2, 2, 0], [1, 1, 0], 
[4, 1, 2], [1, 0, 2], [2, 0, 1], [1, 2, 1], [3, 0, 2], [1, 1, 0], [2, 1, 2], [1, 0, 2]]
```

This solution contains exactly 511 moves, as required, and follows the optimal strategy for the Tower of Hanoi puzzle. Each move is represented as [disk_id, from_peg, to_peg], where disk_id ranges from 1 (smallest) to 9 (largest), and the pegs are 0-indexed (0, 1, 2).