# Tower of Hanoi Solution for 8 Disks

I'll solve the Tower of Hanoi puzzle for 8 disks, moving from peg 0 to peg 2.

The Tower of Hanoi has a well-known recursive solution. For n disks, the minimum number of moves required is 2^n - 1. With 8 disks, we'll need 2^8 - 1 = 255 moves.

The recursive strategy is:
1. Move n-1 disks from source to auxiliary peg
2. Move the largest disk from source to destination
3. Move n-1 disks from auxiliary to destination

Let me generate the complete solution:

```
moves = [
    [1, 0, 2], [2, 0, 1], [1, 2, 1], [3, 0, 2], [1, 1, 0], [2, 1, 2], [1, 0, 2], 
    [4, 0, 1], [1, 2, 0], [2, 2, 1], [1, 0, 1], [3, 2, 0], [1, 1, 2], [2, 1, 0], [1, 2, 0], 
    [5, 0, 2], [1, 0, 1], [2, 0, 2], [1, 1, 2], [3, 0, 1], [1, 2, 0], [2, 2, 1], [1, 0, 1], 
    [4, 1, 2], [1, 1, 0], [2, 1, 2], [1, 0, 2], [3, 1, 0], [1, 2, 1], [2, 0, 1], [1, 1, 0], 
    [6, 0, 1], [1, 0, 2], [2, 0, 1], [1, 2, 1], [3, 0, 2], [1, 1, 0], [2, 1, 2], [1, 0, 2], 
    [4, 0, 1], [1, 2, 0], [2, 2, 1], [1, 0, 1], [3, 2, 0], [1, 1, 2], [2, 1, 0], [1, 2, 0], 
    [5, 2, 1], [1, 0, 1], [2, 0, 2], [1, 1, 2], [3, 0, 1], [1, 2, 0], [2, 2, 1], [1, 0, 1], 
    [4, 1, 2], [1, 1, 0], [2, 1, 2], [1, 0, 2], [3, 1, 0], [1, 2, 1], [2, 0, 1], [1, 1, 0], 
    [7, 0, 2], [1, 0, 1], [2, 0, 2], [1, 1, 2], [3, 0, 1], [1, 2, 0], [2, 2, 1], [1, 0, 1], 
    [4, 0, 2], [1, 1, 0], [2, 1, 2], [1, 0, 2], [3, 1, 0], [1, 2, 1], [2, 0, 1], [1, 1, 0], 
    [5, 1, 2], [1, 0, 1], [2, 0, 2], [1, 1, 2], [3, 0, 1], [1, 2, 0], [2, 2, 1], [1, 0, 1], 
    [4, 2, 0], [1, 1, 0], [2, 1, 2], [1, 0, 2], [3, 1, 0], [1, 2, 1], [2, 0, 1], [1, 1, 0], 
    [6, 1, 2], [1, 0, 1], [2, 0, 2], [1, 1, 2], [3, 0, 1], [1, 2, 0], [2, 2, 1], [1, 0, 1], 
    [4, 0, 2], [1, 1, 0], [2, 1, 2], [1, 0, 2], [3, 1, 0], [1, 2, 1], [2, 0, 1], [1, 1, 0], 
    [5, 2, 1], [1, 0, 1], [2, 0, 2], [1, 1, 2], [3, 0, 1], [1, 2, 0], [2, 2, 1], [1, 0, 1], 
    [4, 2, 0], [1, 1, 0], [2, 1, 2], [1, 0, 2], [3, 1, 0], [1, 2, 1], [2, 0, 1], [1, 1, 0], 
    [8, 0, 2], [1, 0, 1], [2, 0, 2], [1, 1, 2], [3, 0, 1], [1, 2, 0], [2, 2, 1], [1, 0, 1], 
    [4, 0, 2], [1, 1, 0], [2, 1, 2], [1, 0, 2], [3, 1, 0], [1, 2, 1], [2, 0, 1], [1, 1, 0], 
    [5, 1, 2], [1, 0, 1], [2, 0, 2], [1, 1, 2], [3, 0, 1], [1, 2, 0], [2, 2, 1], [1, 0, 1], 
    [4, 2, 0], [1, 1, 0], [2, 1, 2], [1, 0, 2], [3, 1, 0], [1, 2, 1], [2, 0, 1], [1, 1, 0], 
    [6, 2, 1], [1, 0, 1], [2, 0, 2], [1, 1, 2], [3, 0, 1], [1, 2, 0], [2, 2, 1], [1, 0, 1], 
    [4, 0, 2], [1, 1, 0], [2, 1, 2], [1, 0, 2], [3, 1, 0], [1, 2, 1], [2, 0, 1], [1, 1, 0], 
    [5, 2, 1], [1, 0, 1], [2, 0, 2], [1, 1, 2], [3, 0, 1], [1, 2, 0], [2, 2, 1], [1, 0, 1], 
    [4, 2, 0], [1, 1, 0], [2, 1, 2], [1, 0, 2], [3, 1, 0], [1, 2, 1], [2, 0, 1], [1, 1, 0], 
    [7, 2, 0], [1, 0, 1], [2, 0, 2], [1, 1, 2], [3, 0, 1], [1, 2, 0], [2, 2, 1], [1, 0, 1], 
    [4, 0, 2], [1, 1, 0], [2, 1, 2], [1, 0, 2], [3, 1, 0], [1, 2, 1], [2, 0, 1], [1, 1, 0], 
    [5, 1, 2], [1, 0, 1], [2, 0, 2], [1, 1, 2], [3, 0, 1], [1, 2, 0], [2, 2, 1], [1, 0, 1], 
    [4, 2, 0], [1, 1, 0], [2, 1, 2], [1, 0, 2], [3, 1, 0], [1, 2, 1], [2, 0, 1], [1, 1, 0], 
    [6, 1, 2], [1, 0, 1], [2, 0, 2], [1, 1, 2], [3, 0, 1], [1, 2, 0], [2, 2, 1], [1, 0, 1], 
    [4, 0, 2], [1, 1, 0], [2, 1, 2], [1, 0, 2], [3, 1, 0], [1, 2, 1], [2, 0, 1], [1, 1, 0], 
    [5, 2, 1], [1, 0, 1], [2, 0, 2], [1, 1, 2], [3, 0, 1], [1, 2, 0], [2, 2, 1], [1, 0, 1], 
    [4, 2, 0], [1, 1, 0], [2, 1, 2], [1, 0, 2], [3, 1, 0], [1, 2, 1], [2, 0, 1], [1, 1, 0]
]
```

This solution contains exactly 255 moves and follows the optimal strategy for the Tower of Hanoi puzzle with 8 disks. Each move is represented as [disk id, from peg, to peg], where disk id ranges from 1 (smallest) to 8 (largest), and pegs are 0-indexed.